# Created by Octave 4.0.3, Tue Oct 23 15:38:51 2018 GMT <unknown@M-13-DPC287>
# name: nxyzPoints
# type: matrix
# rows: 55
# columns: 3
 -26.05999217591346 22.8264798271348 74.77972098590736
 -13.92986635689307 17.24549225894315 44.06957199991602
 -6.092738392854185 13.39310444161421 23.73382861133856
 -0.7481307914298849 10.89379557694048 10.26071244141747
 2.667367411409999 9.307966414582728 1.850164381627177
 -28.2004347981906 15.82816415209239 80.25795443182646
 -14.47403290575791 11.10768718764488 45.19217094508766
 -5.963397196264308 8.172541898280796 23.16031170344298
 -1.035130606794284 6.283740385919923 10.73777101235505
 2.367643162588405 5.000009655880257 2.488343535036076
 -27.89732363855597 8.151348239935702 78.49650151941029
 -13.96285565273714 5.476748466068485 42.88845158850162
 -5.837334720316754 3.474100961859326 21.98428226642917
 -0.962660286346452 2.386006182350018 9.921503424527927
 2.254893054058859 1.665002894796167 2.266801214223033
 -24.42832394258573 -0.1811564976585646 67.5031388528817
 -12.86322848607383 -0.5051947676899855 38.34103211761937
 -5.544508748303535 -1.060767133255701 20.01628558412293
 -0.9751413011774117 -1.310098333300836 8.884671703082308
 2.153434244591147 -1.58513223630138 1.511050351376028
 -20.96392001577937 -5.611230183495139 56.08634191530309
 -11.66264536331845 -4.911494526304014 33.63638031278889
 -5.012651096909311 -4.604447998176058 17.34282291096916
 -0.9354989661348903 -4.445029881347555 7.521525262569806
 2.128424927402107 -4.506158370122246 0.2236479141682217
 -17.58425910815063 -12.04701277743785 44.3739290781476
 -10.04632270064445 -10.44264831853948 27.03143155324837
 -4.786163225845942 -9.323080593537657 14.37529360719671
 8.403800071424197 9.166847478455551 1.457421166219049
 12.14253271112043 9.682140858675879 7.920682077300196
 17.18195313825286 10.67798358691261 17.56279446239814
 24.60244679524021 12.23875269172179 31.59818825106872
 38.38225970549013 15.89825632656094 60.64513257255638
 7.982206748769018 4.938468493183555 2.202689227822166
 11.7935820940625 4.966360423672086 8.211477279172939
 16.56007023111296 5.48548950122967 17.0146324252726
 23.89756932034152 6.290617307510105 31.37146157356155
 35.37481791088963 7.74520754927368 54.74111987875656
 7.687282444532381 1.595509865287753 2.318812814002104
 11.53509642605374 1.357088977565254 8.045149799104689
 16.0262988150709 1.392076898072969 16.12574804245458
 22.85787141600993 1.191906697168991 29.2604407932529
 32.66554811395205 0.6000017089389137 48.49554883040615
 7.4633223108893 -1.634851268755522 1.875093179461246
 11.3974349674077 -2.135730949532531 7.586646625605386
 15.51795737614426 -2.889508778835789 14.83140317957715
 21.67636993843591 -4.382853144064207 26.18338488585503
 29.91291714885554 -5.962821330298971 41.55081816991832
 7.483292567012303 -5.103334968707384 0.9170473693872054
 11.16370368822677 -5.932118559662307 6.397420970714613
 15.12728589769525 -7.04593498041517 13.23769666941626
 20.79288131466284 -8.815933883080682 23.1680400724257
 27.57311527733771 -11.23034089158796 35.02264978946926
 19.79489479689043 -13.878396262795 19.37765423958383
 25.89802847407429 -16.29991404387188 28.83803293164463


