# Created by Octave 4.0.3, Tue Oct 23 17:14:19 2018 GMT <unknown@M-13-DPC287>
# name: point3D
# type: matrix
# rows: 55
# columns: 3
 -17.33263258859 9.307966414582728 21.85016438162718
 -12.33263258859 9.307966414582728 16.85016438162718
 -7.332632588590001 9.307966414582728 11.85016438162718
 -2.332632588590001 9.307966414582728 6.850164381627177
 2.667367411409999 9.307966414582728 1.850164381627177
 -17.33263258859 5.000009655880257 22.48834353503608
 -12.33263258859 5.000009655880257 17.48834353503608
 -7.332632588590001 5.000009655880257 12.48834353503608
 -2.332632588590001 5.000009655880257 7.488343535036076
 2.367643162588405 5.000009655880257 2.488343535036076
 -17.33263258859 1.665002894796167 22.26680121422303
 -12.33263258859 1.665002894796167 17.26680121422303
 -7.332632588590001 1.665002894796167 12.26680121422303
 -2.332632588590001 1.665002894796167 7.266801214223033
 2.254893054058859 1.665002894796167 2.266801214223033
 -17.33263258859 -1.58513223630138 21.51105035137603
 -12.33263258859 -1.58513223630138 16.51105035137603
 -7.332632588590001 -1.58513223630138 11.51105035137603
 -2.332632588590001 -1.58513223630138 6.511050351376028
 2.153434244591147 -1.58513223630138 1.511050351376028
 -17.33263258859 -4.506158370122246 20.22364791416822
 -12.33263258859 -4.506158370122246 15.22364791416822
 -7.332632588590001 -4.506158370122246 10.22364791416822
 -2.332632588590001 -4.506158370122246 5.223647914168222
 2.128424927402107 -4.506158370122246 0.2236479141682217
 -17.33263258859 12.68214085867588 22.9206820773002
 -12.33263258859 12.68214085867588 17.9206820773002
 -7.332632588590001 12.68214085867588 12.9206820773002
 0 0 0
 0 0 0
 6.515913628472276 9.376272410444079 1.254327106883872
 6.216189379650682 5.068315651741609 1.89250626029277
 6.103439271121136 1.733308890657519 1.670963939479728
 6.001980461653424 -1.516826240440028 0.9152130766327226
 5.976971144464384 -4.437852374260894 -0.3721893605750838
 12.90634197083395 8.907149711069248 6.187091587831222
 12.90634197083395 4.599192952366779 6.825270741240121
 12.90634197083395 1.264186191282688 6.603728420427078
 12.90634197083395 -1.985948939814858 5.847977557580073
 12.90634197083395 -4.906975073635724 4.560575120372267
 15.26954498768631 10.19447438745384 10.65199313041193
 15.26954498768631 5.886517628751369 11.29017228382082
 15.26954498768631 2.551510867667278 11.06862996300778
 15.26954498768631 -0.6986242634302687 10.31287910016078
 15.26954498768631 -3.619650397251135 9.02547666295297
 25.21290001516882 8.51817064964923 16.90086484619328
 25.21290001516882 4.21021389094676 17.53904399960217
 25.21290001516882 0.8752071298626701 17.31750167878913
 25.21290001516882 -2.374928001234877 16.56175081594213
 25.21290001516882 -5.295954135055743 15.27434837873432
 27.44089697755411 8.668561260953249 22.19254608216734
 27.44089697755411 4.360604502250778 22.83072523557624
 27.44089697755411 1.025597741166688 22.60918291476319
 27.44089697755411 -2.224537389930859 21.85343205191619
 27.44089697755411 -5.145563523751725 20.56602961470838


